d:[
0
0
0
0
0
0
0
0
0
0
0
0
0
0
0
0
0
0
0
0
0
0
0
0
0
0
0
0
0
0
0
0
0
0
0
0
0
0
0
0
0
0
0
0
0
0
0
0
0
0
0
0
0
0
0
0
0
0
0
0
248.502391
0
0
0
0
0
0
0
0
0
0
0
0
0
309.568502
1060.21662
277.191822
0
0
0
0
0
0
0
0
0
0
288.034001
662.756545
625.922175
544.369237
0
0
0
0
0
0
0
0
0
241.821149
1627.42505
1783.22166
2920.67977
1595.44734
2708.09227
1357.35212
0
0
0
0
0
0
0
240.163414
1588.86269
5916.85497
0
16835.1722
0
16233.355
0
0
0
0
0
0
0
191.073011
0
0
0
0
74536.1764
0
0
0
0
0
0
0
0
78.339935
767.704818
5432.12571
12064.9893
29299.7928
21838.4195
18415.6219
0
0
0
0
0
0
149.667863
401.841808
0
0
20643.3143
12607.0061
10025.5775
0
2307.9635
0
0
0
0
0
0
5850.38731
5521.60745
0
0
16872.0333
14292.3189
5691.38164
1522.1705
0
0
0
0
0
20539.0322
32311.5094
31155.7886
14517.2983
12304.368
34669.5537
0
5709.84902
1863.54192
0
0
0
0
0
22871.1675
93064.4145
69983.1078
23052.2244
12688.3227
11885.5174
0
3848.67253
1195.74704
0
0
0
0
0
0
39325.0411
64046.7365
24911.8427
5876.55514
2039.20212
0
0
0
0
0
0
0
0
0
0
25327.4342
15418.2815
3022.40935
0
0
205.328553
383.967634
0
0
0
0
0
0
0
4633.19515
0
0
0
14.6556587
207.982061
1297.32241
1281.31932
0
0
0
0
0
0
0
0
0
0
0
0
0
0
0
0
0
0
0
0
0
0
464.501087
0
0
1029.2097
0
0
0
0
0
0
0
0
0
0
1355.29801
2079.05667
1602.11667
0
953.405903
815.080841
0
0
0
0
0
0
0
635.540942
0
0
0
0
0
0
0
0
0
0
0
0
0
0
0
0
488.263403
0
0
0
0
0
0
0
0
0
0
78.7206071
118.538533
0
0
79.1402071
0
0
0
0
0
0
0
0
0
0
3022.71677
1582.56999
0
3.23254412
0
0
0
0
0
0
0
0
0
19584.4448
19531.6986
0
0
0
0
0
0
0
0
0
0
0
0
77004.2603
0
0
0
0
0
0
0
0
0
0
0
0
17604.8133
0
0
0
0
0
0
0
0
0
0
0
0
0
0
1426.57348
0
0
0
0
0
0
0
0
0
0
0
0
0
0
38.6888601
0
0
0
0
0
0
0
0
0
0
0
0
0
0
0
0
0
0
0
0
0
0
]
