d:[
0
0
0
0
0
0
0
0
0
0
0
0
0
0
0
0
0
0
0
0
0
0
0
0
0
0
0
0
0
0
0
0
0
0
0
0
0
0
0
0
0
0
0
0
0
0
0
0
0
0
0
0
0
0
0
0
0
0
0
0
0
0
0
0
0
0
0
0
0
0
0
0
0
0
0
924.231052995392
0
0
0
0
0
0
0
0
0
0
0
0
0
0
0
0
0
0
0
0
0
0
0
0
0
0
0
0
0
0
0
0
0
0
0
0
0
0
0
0
5409.91
0
0
0
0
0
0
0
0
0
0
0
0
0
0
0
0
64797.95
0
0
0
0
0
0
0
0
0
0
0
3954.744
4993.78
0
0
945.44
0
0
0
0
0
0
0
0
4189.01
12945.81
0
0
1870.45
0
0
0
0
0
0
0
0
0
1098.23
0
0
0
0
0
0
0
0
0
0
0
0
0
0
0
25933.14
38170.244
0
0
0
0
0
0
0
0
61799.099
29688.999
0
0
0
0
0
0
0
0
0
0
0
0
0
18695.285
0
0
0
0
0
0
0
0
0
0
0
0
0
11419.46
1850.14
0
0
0
0
0
0
0
0
0
0
0
0
0
0
0
0
0
0
0
0
0
0
0
0
0
0
0
0
0
0
0
0
0
13271.765
0
0
0
0
0
0
0
0
0
0
8497.45
0
0
0
0
0
0
0
0
0
0
0
0
0
0
0
0
0
0
0
0
0
0
0
0
0
5678.14
5953.54
0
0
8491.93
0
0
0
0
0
0
0
0
0
0
0
0
0
0
0
0
0
0
0
0
0
0
0
0
0
0
0
0
0
0
0
0
0
0
0
0
0
0
0
0
0
0
0
0
0
0
0
0
0
0
0
0
0
0
0
0
0
0
0
0
0
0
0
0
71461.761
0
0
0
0
0
0
0
0
0
0
0
0
0
0
0
0
0
0
0
0
0
0
0
0
0
0
0
0
0
0
0
0
0
0
0
0
0
0
0
0
0
0
0
0
0
0
0
0
0
0
0
0
0
0
0
0
0
0
0
0
0
0
0
0
0
]