d:[
0
0
0
0
0
0
0
0
0
0
0
0
0
0
0
0
0
0
0
0
0
0
0
0
0
0
0
0
0
0
0
0
0
0
0
0
0
0
0
0
0
0
0
0
0
0
0
0
0
0
0
0
0
0
0
0
0
0
0
0
75.1958026388319
0
0
0
0
0
0
0
0
0
0
0
0
0
75.3998618047446
1848.46210599078
75.0937730558756
0
0
0
0
0
0
0
0
0
0
0
75.0937730558756
75.2468174303101
76.6495552728094
0
0
0
0
0
0
0
0
0
0
444.631572138247
443.063370728769
444.257814173063
0
0
0
0
0
0
0
0
0
0
0
441.944074388587
10819.82
0
5408.77596197311
0
5264.8334375
0
0
0
0
0
0
0
0
0
0
0
0
130062.526898849
0
0
0
0
0
0
0
0
0
340.819504161006
1718.18339857337
9758.25583144943
16809.0782346777
5885.84073505435
5516.01699116848
945.44
0
0
0
0
0
0
0
0
4189.01
27112.3168769872
1800.36354347331
568.611003322225
1870.45
232.753979964301
0
0
0
0
0
0
0
434.184244360513
1098.23
0
6385.6930434606
5532.41956122037
3279.82790696331
153.522711234715
0
0
0
0
0
5092.81043007388
7680.81812710272
7654.22576916571
2518.45598638757
2205.25111744226
55190.882191222
38170.244
3157.68796700923
0
0
0
0
0
0
5055.28804914232
128230.660124297
67054.23994085
3976.62442844769
2142.49319238872
5293.31951440217
0
3138.72601665257
0
0
0
0
0
0
0
10111.7766821248
48073.6866489746
5250.97635532321
151.727886141754
0
0
0
0
0
0
0
0
0
0
0
24610.0663442076
6270.98743281199
156.169863588306
0
0
0
0
0
0
0
0
0
0
0
1078.155
0
0
0
0
0
1084.19140030571
1082.72627679178
0
0
0
0
0
0
0
0
0
0
0
0
0
13271.765
0
0
0
0
0
0
0
0
0
0
8497.45
694.639117060122
0
0
0
0
0
0
0
0
0
0
962.408917119565
1672.98851148368
1186.10770928159
0
705.552228696147
690.906770805027
0
0
0
0
0
0
0
463.856205842391
5678.14
5953.54
0
0
8491.93
0
0
0
0
0
0
0
0
0
0
0
485.03959544837
0
0
0
0
0
0
0
0
0
0
0
0
0
0
0
0
0
0
0
0
0
0
0
0
0
0
0
0
0
0
0
0
0
0
0
0
0
0
5945.29125433709
5914.72809903609
0
0
0
0
0
0
0
0
0
0
0
0
142923.522
0
0
0
0
0
0
0
0
0
0
0
0
5806.26808125
0
0
0
0
0
0
0
0
0
0
0
0
0
0
0
0
0
0
0
0
0
0
0
0
0
0
0
0
0
0
0
0
0
0
0
0
0
0
0
0
0
0
0
0
0
0
0
0
0
0
0
0
]