d:[
0
0
0
0
0
0
0
0
0
0
0
0
0
0
0
0
0
0
0
0
0
0
0
0
0
0
0
0
0
0
0
0
0
0
0
0
0
0
0
0
0
0
0
0
0
0
0
0
0
0
0
0
0
0
0
0
0
0
0
0
75.1958026388319
0
0
0
0
0
0
0
0
0
0
0
0
0
75.3998618047446
924.231052995392
75.0937730558756
0
0
0
0
0
0
0
0
0
0
0
75.0937730558756
75.2468174303101
76.6495552728094
0
0
0
0
0
0
0
0
0
0
444.631572138247
443.063370728769
444.257814173063
0
0
0
0
0
0
0
0
0
0
0
441.944074388587
5409.91
0
5408.77596197311
0
5264.8334375
0
0
0
0
0
0
0
0
0
0
0
0
65264.5768988492
0
0
0
0
0
0
0
0
0
340.819504161006
1718.18339857337
5803.51183144943
11815.2982346777
5885.84073505435
5516.01699116848
0
0
0
0
0
0
0
0
0
0
14166.5068769872
1800.36354347331
568.611003322225
0
232.753979964301
0
0
0
0
0
0
0
434.184244360513
0
0
6385.6930434606
5532.41956122037
3279.82790696331
153.522711234715
0
0
0
0
0
5092.81043007388
7680.81812710272
7654.22576916571
2518.45598638757
2205.25111744226
29257.742191222
0
3157.68796700923
0
0
0
0
0
0
5055.28804914232
66431.5611242966
37365.24094085
3976.62442844769
2142.49319238872
5293.31951440217
0
3138.72601665257
0
0
0
0
0
0
0
10111.7766821248
29378.4016489746
5250.97635532321
151.727886141754
0
0
0
0
0
0
0
0
0
0
0
13190.6063442076
4420.84743281199
156.169863588306
0
0
0
0
0
0
0
0
0
0
0
1078.155
0
0
0
0
0
1084.19140030571
1082.72627679178
0
0
0
0
0
0
0
0
0
0
0
0
0
0
0
0
0
0
0
0
0
0
0
0
0
694.639117060122
0
0
0
0
0
0
0
0
0
0
962.408917119565
1672.98851148368
1186.10770928159
0
705.552228696147
690.906770805027
0
0
0
0
0
0
0
463.856205842391
0
0
0
0
0
0
0
0
0
0
0
0
0
0
0
0
485.03959544837
0
0
0
0
0
0
0
0
0
0
0
0
0
0
0
0
0
0
0
0
0
0
0
0
0
0
0
0
0
0
0
0
0
0
0
0
0
0
5945.29125433709
5914.72809903609
0
0
0
0
0
0
0
0
0
0
0
0
71461.761
0
0
0
0
0
0
0
0
0
0
0
0
5806.26808125
0
0
0
0
0
0
0
0
0
0
0
0
0
0
0
0
0
0
0
0
0
0
0
0
0
0
0
0
0
0
0
0
0
0
0
0
0
0
0
0
0
0
0
0
0
0
0
0
0
0
0
0
]
