d:[
0
0
0
0
0
0
0
0
0
0
0
0
0
0
0
0
0
0
0
0
0
0
0
0
0
0
0
0
0
0
0
0
0
0
0
0
0
0
0
0
0
0
0
0
0
0
0
0
0
0
0
0
0
0
0
0
0
0
0
0
156.526167743283
0
0
0
0
0
0
0
0
0
0
0
0
0
169.199249159354
961.279833285348
162.52912639388
0
0
0
0
0
0
0
0
0
0
84.8112611900464
270.648750309106
247.342214555116
202.611133913958
0
0
0
0
0
0
0
0
0
72.2300165826974
968.172278448451
1007.43263522555
1387.70461611705
488.563482983399
873.458540073106
427.767716796875
0
0
0
0
0
0
0
72.2300165826974
956.405347744401
5557.48554545639
0
10893.5847512181
0
10567.5803105315
0
0
0
0
0
0
0
64.4636649522244
0
0
0
0
68431.3849560198
0
0
0
0
0
0
0
0
28.1336095410493
480.611582470546
3372.92339357729
8268.16399621968
19621.3129094325
12864.2730588201
11385.9284687784
0
0
0
0
0
0
0
63.1401661286978
0
0
16526.569971823
5924.8288451119
3899.93193353186
0
972.484910236311
0
0
0
0
0
0
1748.29281473949
1900.30047054686
0
0
10822.2334088445
9259.89185259891
4069.87226768559
701.004821231544
0
0
0
0
0
11616.9495886855
17926.0378259907
17443.0687749772
6917.60394579097
6249.58342483915
31135.5317384021
0
4159.04970797799
803.297515398058
0
0
0
0
0
12361.5918618167
76229.7739217976
50048.883312662
11099.6234219978
6162.10179479322
8080.8123192687
0
3398.38161053671
513.668895559094
0
0
0
0
0
0
22703.0639518218
43731.7466861779
12982.7637350032
1893.63156048315
635.052924893102
0
0
0
0
0
0
0
0
0
0
17521.6275138426
8621.25906862881
985.3734508436
0
0
88.2102395238534
177.46724993698
0
0
0
0
0
0
0
2509.08561938284
0
0
0
0
89.3920619031975
1172.64101632759
1171.17589281366
0
0
0
0
0
0
0
0
0
0
0
0
0
0
0
0
0
0
0
0
0
0
217.580619173331
0
0
849.276212788236
0
0
0
0
0
0
0
0
0
0
1139.21213131171
1851.55776076076
1380.43774361999
0
820.670345442757
748.310778134662
0
0
0
0
0
0
0
542.47690712203
0
0
0
0
0
0
0
0
0
0
0
0
0
0
0
0
485.03959544837
0
0
0
0
0
0
0
0
0
0
0
0
0
0
39.5701035451128
0
0
0
0
0
0
0
0
0
0
967.554398164539
487.427639581316
0
0
0
0
0
0
0
0
0
0
0
12382.6607998736
12321.5344892716
0
0
0
0
0
0
0
0
0
0
0
0
73275.5792789057
0
0
0
0
0
0
0
0
0
0
0
0
11612.5361625
0
0
0
0
0
0
0
0
0
0
0
0
0
0
475.524492539338
0
0
0
0
0
0
0
0
0
0
0
0
0
0
0
0
0
0
0
0
0
0
0
0
0
0
0
0
0
0
0
0
0
0
0
0
0
]
