d:[
0
0
0
0
0
0
0
0
0
0
0
0
0
0
0
0
0
0
0
0
0
0
0
0
0
0
0
0
0
0
0
0
0
0
0
0
0
0
0
0
0
0
0
0
0
0
0
0
0
0
0
0
0
0
0
0
0
0
0
0
248.502391324318
0
0
0
0
0
0
0
0
0
0
0
0
0
309.568502195915
1060.21662166864
277.191822411426
0
0
0
0
0
0
0
0
0
0
288.034000523912
662.756544957555
625.922174920087
544.369237266581
0
0
0
0
0
0
0
0
0
241.821149094976
1627.42504612984
1783.22165940296
2920.67976904688
1595.44733770963
2708.09226595292
1357.3521234085
0
0
0
0
0
0
0
240.16341439469
1588.86268633752
5916.85496760872
0
16835.1721832682
0
16233.3549715788
0
0
0
0
0
0
0
191.073011380321
0
0
0
0
74536.1764422337
0
0
0
0
0
0
0
0
78.3399350382583
767.704818310076
5432.12571364883
12064.9892942296
29299.7928022614
21838.419459599
18415.6218720278
0
0
0
0
0
0
149.667862624923
401.841808037635
0
0
20643.3143210906
12607.0061263719
10025.5775285529
0
2307.96349678016
0
0
0
0
0
0
5850.38731027763
5521.60745211838
0
0
16872.0333103517
14292.3189246365
5691.38163850286
1522.17050050078
0
0
0
0
0
20539.0322224326
32311.5094276664
31155.7886024583
14517.2982820497
12304.3679780468
34669.5536815165
0
5709.84901547636
1863.54191826049
0
0
0
0
0
22871.1674817399
93064.4145271874
69983.107777835
23052.2243530211
12688.3226579196
11885.5173603329
0
3848.67252982218
1195.74703675644
0
0
0
0
0
0
39325.0411119523
64046.7364646238
24911.8426592517
5876.55513956723
2039.20212202699
0
0
0
0
0
0
0
0
0
0
25327.434199298
15418.2814643307
3022.40935371632
0
0
205.328553418006
383.967634315771
0
0
0
0
0
0
0
4633.19515420865
0
0
0
14.6556586626814
207.982060744453
1297.322412158
1281.31932109155
0
0
0
0
0
0
0
0
0
0
0
0
0
0
0
0
0
0
0
0
0
0
464.501086598606
0
0
1029.20969630864
0
0
0
0
0
0
0
0
0
0
1355.29801403446
2079.05667253293
1602.11667340377
0
953.405902846271
815.080840801841
0
0
0
0
0
0
0
635.540941626264
0
0
0
0
0
0
0
0
0
0
0
0
0
0
0
0
488.263402967152
0
0
0
0
0
0
0
0
0
0
78.7206070721335
118.538533204261
0
0
79.1402070902257
0
0
0
0
0
0
0
0
0
0
3022.71677483128
1582.5699893446
0
3.23254412452433
0
0
0
0
0
0
0
0
0
19584.4447663217
19531.6985747912
0
0
0
0
0
0
0
0
0
0
0
0
77004.2603377233
0
0
0
0
0
0
0
0
0
0
0
0
17604.8133439299
0
0
0
0
0
0
0
0
0
0
0
0
0
0
1426.57347761801
0
0
0
0
0
0
0
0
0
0
0
0
0
0
38.6888600799881
0
0
0
0
0
0
0
0
0
0
0
0
0
0
0
0
0
0
0
0
0
0
]
