eta:[
30.6155
30.2194
29.9522
29.8174
29.8168
29.9503
30.2162
30.6112
31.1303
31.7676
32.5162
33.3689
34.3178
35.3554
28.6531
28.2299
27.9441
27.7997
27.799
27.942
28.2265
28.6484
29.2019
29.8797
30.6737
31.5753
32.5758
33.6663
26.6989
26.2448
25.9375
25.7822
25.7814
25.9353
26.2412
26.6939
27.2863
28.0097
28.8544
29.8102
30.8669
32.0149
24.755
24.2653
23.9331
23.7649
23.7641
23.9307
24.2613
24.7496
25.3865
26.1615
27.0628
28.0786
29.1971
30.4071
22.8237
22.2926
21.9312
21.7479
21.747
21.9286
22.2883
22.8179
23.5062
24.3399
25.3049
26.3872
27.5731
28.8502
20.9087
20.3288
19.9327
19.7312
19.7303
19.9298
20.3241
20.9024
21.6502
22.5511
23.588
24.7439
26.0035
27.3526
19.0147
18.3766
17.9386
17.7151
17.7141
17.9355
18.3715
19.0077
19.8254
20.8036
21.9214
23.1589
24.4985
25.9245
17.1483
16.4401
15.9506
15.6998
15.6986
15.9471
16.4344
17.1406
18.0408
19.1083
20.3173
21.6447
23.0704
24.5778
15.3194
14.5253
13.9712
13.6854
13.684
13.9672
14.5188
15.3109
16.3093
17.4799
18.7912
20.2166
21.7342
23.3262
13.5428
12.6417
12.0044
11.6725
11.6709
11.9998
12.6343
13.5331
14.6492
15.9384
17.3633
18.8939
20.5072
22.1856
11.8409
10.8049
10.0574
9.66206
9.66015
10.0519
10.7964
11.8299
13.0866
14.5106
16.0588
17.6995
19.4098
21.1733
10.2493
9.0421
8.14339
7.65581
7.65343
8.13666
9.03193
10.2367
11.6592
13.232
14.9092
16.6602
18.4645
20.3082
8.82465
7.40276
6.29045
5.65785
5.6547
6.28188
7.39048
8.81009
10.4201
12.148
13.9515
15.8056
17.6948
19.6093
7.65496
5.98134
4.56601
3.68012
3.67548
4.55452
5.96637
7.63831
9.43994
11.3121
13.2259
15.1661
17.124
19.0943
6.86274
4.95109
3.15664
1.77595
1.76742
3.1407
4.93328
6.84429
8.80102
10.7797
12.7705
14.7687
16.7717
18.7781
6.57593
4.55699
2.53806
0.519203
0.5
2.51886
4.53779
6.55673
8.57567
10.5946
12.6136
14.6325
16.6514
18.6704
6.8539
4.93914
3.13881
1.74719
1.73855
3.12279
4.92129
6.83543
8.79402
10.7739
12.7656
14.7645
16.768
18.7747
7.639
5.96124
4.54027
3.64889
3.64421
4.52872
5.94622
7.62231
9.42684
11.3011
13.2164
15.1578
17.1167
19.0877
8.80371
7.37803
6.26166
5.62609
5.62292
6.25305
7.36571
8.78911
10.4022
12.1325
13.938
15.7936
17.6841
19.5996
10.2251
9.01479
8.11324
7.62385
7.62146
8.10649
9.0046
10.2124
11.6378
13.2131
14.8923
16.645
18.4507
20.2957
11.8145
10.7761
10.0265
9.63001
9.6281
10.021
10.7675
11.8035
13.0627
14.489
16.0392
17.6816
19.3935
21.1583
13.515
12.612
11.9732
11.6404
11.6388
11.9685
12.6046
13.5053
14.6234
15.9147
17.3414
18.8738
20.4886
22.1684
15.2906
14.495
13.9397
13.6532
13.6519
13.9357
14.4885
15.282
16.2822
17.4546
18.7676
20.1946
21.7137
23.3071
17.1188
16.4093
15.919
15.6676
15.6664
15.9154
16.4036
17.1111
18.0127
19.0817
20.2923
21.6211
23.0483
24.5571
18.9846
18.3456
17.9068
17.683
17.6819
17.9037
18.3404
18.9777
19.7965
20.7761
21.8953
23.1342
24.4751
25.9024
20.8783
20.2975
19.9008
19.6991
19.6981
19.898
20.2929
20.872
21.6208
22.5229
23.5609
24.7182
25.979
27.3293
22.7931
22.2612
21.8993
21.7157
21.7148
21.8967
22.2569
22.7872
23.4764
24.311
25.2772
26.3606
27.5476
28.8258
24.7241
24.2337
23.9011
23.7327
23.7319
23.8987
24.2298
24.7187
25.3564
26.1322
27.0345
28.0513
29.1708
30.3818
26.6678
26.2132
25.9055
25.75
25.7492
25.9033
26.2096
26.6628
27.2559
27.98
28.8255
29.7823
30.84
31.9889
28.6218
28.1982
27.912
27.7675
27.7668
27.91
28.1948
28.6172
29.1712
29.8497
30.6445
31.5469
32.5482
33.6397
30.5842
30.1876
29.9202
29.7852
29.7846
29.9182
30.1845
30.5798
31.0994
31.7373
32.4867
33.34
34.2898
35.3282
]
